%TNEP optimizor input file test

function mpc = owpp_tnep_map
mpc.version = '2';
mpc.baseMVA = 	500.0;

%bus data
%	bus_i	type	Pd	Qd	Gs	Bs	area	Vm	Va	baseKV	zone	Vmax	Vmin
mpc.bus = [
1	1.0	0.0	0.0	0.0	1.0	1.0	1.0	1.05	220.0	1.0	1.1	0.9;
2	1.0	0.0	0.0	0.0	1.0	1.0	1.0	1.05	220.0	1.0	1.1	0.9;
3	3.0	0.0	0.0	0.0	1.0	1.0	1.0	1.05	220.0	1.0	1.1	0.9;
4	2.0	0.0	0.0	0.0	1.0	1.0	1.0	1.05	220.0	1.0	1.1	0.9;
5	2.0	0.0	0.0	0.0	1.0	1.0	1.0	1.05	220.0	1.0	1.1	0.9;
6	1.0	0.0	0.0	0.0	1.0	1.0	1.0	1.05	220.0	1.0	1.1	0.9;
7	1.0	0.0	0.0	0.0	1.0	1.0	1.0	1.05	220.0	1.0	1.1	0.9;
8	1.0	0.0	0.0	0.0	1.0	1.0	1.0	1.05	220.0	1.0	1.1	0.9;
9	1.0	0.0	0.0	0.0	1.0	1.0	1.0	1.05	220.0	1.0	1.1	0.9;
10	1.0	0.0	0.0	0.0	1.0	1.0	1.0	1.05	220.0	1.0	1.1	0.9;
11	1.0	0.0	0.0	0.0	1.0	1.0	1.0	1.05	220.0	1.0	1.1	0.9;
12	1.0	1500.0	0.0	0.0	1.0	1.0	1.0	1.05	220.0	1.0	1.1	0.9;
];

%generator data
%	bus	Pg	Qg	Qmax	Qmin	Vg	mbase	status	Pmax	Pmin
mpc.gen = [
3	500.0	0.0	0.0	0.0	1.1	500.0	1.0	500.0	0.0	;
4	500.0	0.0	0.0	0.0	1.1	500.0	1.0	500.0	0.0	;
5	500.0	0.0	0.0	0.0	1.1	500.0	1.0	500.0	0.0	;
];

%generator cost data
mpc.gencost = [];

%branch data
%	fbus	tbus	r	x	b	rateA	rateB	rateC	ratio	angle	status	angmin	angmax
mpc.branch = [
];

%candidate branch data
%column_names%	f_bus	t_bus	br_r	br_x	br_b	rate_a	rate_b	rate_c	tap	shift	br_status	angmin	angmax	construction_cost
mpc.ne_branch = [
6	8	0.003980046491160405	0.009507793613364294	0.023783408269974323	253.32926566662502	253.32926566662502	253.32926566662502	0.0	0.0	1.0	-30.0	30.0	16.60211539374777;
6	8	0.0019900232455802025	0.004753896806682147	0.047566816539948646	506.65853133325004	506.65853133325004	506.65853133325004	0.0	0.0	1.0	-30.0	30.0	22.645802716706783;
6	8	0.0007041790519579418	0.002773973337232471	0.09532857904932332	1004.5492957919125	1004.5492957919125	1004.5492957919125	0.0	0.0	1.0	-30.0	30.0	34.06054139216634;
6	8	0.0005178696099979096	0.001726798402427213	0.14718420691664436	1539.0069429918583	1539.0069429918583	1539.0069429918583	0.0	0.0	1.0	-30.0	30.0	45.027955594736405;
6	10	0.0042294294683628735	0.01010353586994183	0.0252736363805155	253.32024732837007	253.32024732837007	253.32024732837007	0.0	0.0	1.0	-30.0	30.0	16.986286155399362;
6	10	0.0021147147341814367	0.005051767934970915	0.050547272761031	506.64049465674015	506.64049465674015	506.64049465674015	0.0	0.0	1.0	-30.0	30.0	23.379230778254787;
6	10	0.0007483017195827823	0.0029477858117992212	0.10130170647600065	1004.5127582895927	1004.5127582895927	1004.5127582895927	0.0	0.0	1.0	-30.0	30.0	35.46426451814632;
6	10	0.0005503184433044539	0.001834996667845015	0.15640652022368198	1538.9500909798762	1538.9500909798762	1538.9500909798762	0.0	0.0	1.0	-30.0	30.0	47.060050644628454;
6	11	0.005755635778315701	0.01374943664991364	0.03439372778005995	253.2531085062668	253.2531085062668	253.2531085062668	0.0	0.0	1.0	-30.0	30.0	19.337341360687134;
6	11	0.0028778178891578506	0.00687471832495682	0.0687874555601199	506.5062170125336	506.5062170125336	506.5062170125336	0.0	0.0	1.0	-30.0	30.0	27.86795184876995;
6	11	0.0010183293473559115	0.00401150595183476	0.13785682692171572	1004.2407466610994	1004.2407466610994	1004.2407466610994	0.0	0.0	1.0	-30.0	30.0	44.055566744165645;
7	10	0.0031952850017636534	0.007633104387127319	0.01909393970765248	253.35406813716753	253.35406813716753	253.35406813716753	0.0	0.0	1.0	-30.0	30.0	15.393189163450323;
7	10	0.0015976425008818267	0.0038165521935636594	0.03818787941530496	506.70813627433506	506.70813627433506	506.70813627433506	0.0	0.0	1.0	-30.0	30.0	20.337888948305004;
7	10	0.0005653332865017222	0.002227018056054652	0.07653226653313167	1004.6497820440744	1004.6497820440744	1004.6497820440744	0.0	0.0	1.0	-30.0	30.0	29.64344057757675;
7	10	0.00041575921320784973	0.0013863187398940205	0.11816331540391493	1539.1632984939567	1539.1632984939567	1539.1632984939567	0.0	0.0	1.0	-30.0	30.0	38.633634686572734;
7	11	0.0045442401347723154	0.010855576040868068	0.02715483817642102	253.30808005810982	253.30808005810982	253.30808005810982	0.0	0.0	1.0	-30.0	30.0	17.47124448678257;
7	11	0.0022721200673861577	0.005427788020434034	0.05430967635284204	506.61616011621965	506.61616011621965	506.61616011621965	0.0	0.0	1.0	-30.0	30.0	24.3050912785786;
7	11	0.0008040003344383629	0.0031671994284078976	0.10884193334647443	1004.4634629475518	1004.4634629475518	1004.4634629475518	0.0	0.0	1.0	-30.0	30.0	37.23630309616502;
9	11	0.003106935351825557	0.007422049003907538	0.018565992157377906	253.35652053174152	253.35652053174152	253.35652053174152	0.0	0.0	1.0	-30.0	30.0	15.257085176476302;
9	11	0.0015534676759127784	0.003711024501953769	0.03713198431475581	506.71304106348305	506.71304106348305	506.71304106348305	0.0	0.0	1.0	-30.0	30.0	20.078064485987753;
9	11	0.0005497018176552149	0.0021654409931167145	0.0744161488930967	1004.6597178144425	1004.6597178144425	1004.6597178144425	0.0	0.0	1.0	-30.0	30.0	29.14616981462413;
];
