%TNEP optimizor input file test

function mpc = owpp_tnep_map
mpc.version = '2';
mpc.baseMVA = 500.0;

%bus data
%bus_i	type	Pd	Qd	Gs	Bs	area	Vm	Va	baseKV	zone	Vmax	Vmin
mpc.bus = [
1	1.0	0.0	0.0	0.0	1.0	1.0	1.0	1.05	220.0	1.0	1.1	0.9;
2	3.0	0.0	0.0	0.0	1.0	1.0	1.0	1.05	220.0	1.0	1.1	0.9;
3	2.0	0.0	0.0	0.0	1.0	1.0	1.0	1.05	220.0	1.0	1.1	0.9;
4	2.0	0.0	0.0	0.0	1.0	1.0	1.0	1.05	220.0	1.0	1.1	0.9;
5	2.0	0.0	0.0	0.0	1.0	1.0	1.0	1.05	220.0	1.0	1.1	0.9;
6	2.0	0.0	0.0	0.0	1.0	1.0	1.0	1.05	220.0	1.0	1.1	0.9;
7	1.0	0.0	0.0	0.0	1.0	1.0	1.0	1.05	220.0	1.0	1.1	0.9;
8	1.0	0.0	0.0	0.0	1.0	1.0	1.0	1.05	220.0	1.0	1.1	0.9;
9	1.0	0.0	0.0	0.0	1.0	1.0	1.0	1.05	220.0	1.0	1.1	0.9;
10	1.0	0.0	0.0	0.0	1.0	1.0	1.0	1.05	220.0	1.0	1.1	0.9;
11	1.0	0.0	0.0	0.0	1.0	1.0	1.0	1.05	220.0	1.0	1.1	0.9;
12	1.0	0.0	0.0	0.0	1.0	1.0	1.0	1.05	220.0	1.0	1.1	0.9;
13	1.0	0.0	0.0	0.0	1.0	1.0	1.0	1.05	220.0	1.0	1.1	0.9;
14	1.0	0.0	0.0	0.0	1.0	1.0	1.0	1.05	220.0	1.0	1.1	0.9;
15	1.0	0.0	0.0	0.0	1.0	1.0	1.0	1.05	220.0	1.0	1.1	0.9;
16	1.0	0.0	0.0	0.0	1.0	1.0	1.0	1.05	220.0	1.0	1.1	0.9;
17	1.0	2500	0.0	0.0	1.0	1.0	1.0	1.05	220.0	1.0	1.1	0.9;
];

%generator data
%bus	Pg	Qg	Qmax	Qmin	Vg	mbase	status	Pmax	Pmin
mpc.gen = [
2	500	0.0	0.0	0.0	1.0	500	1.0	500	0.0;
3	500	0.0	0.0	0.0	1.0	500	1.0	500	0.0;
4	500	0.0	0.0	0.0	1.0	500	1.0	500	0.0;
5	500	0.0	0.0	0.0	1.0	500	1.0	500	0.0;
6	500	0.0	0.0	0.0	1.0	500	1.0	500	0.0;
];

%generator cost data
mpc.gencost = [
2	 0.0	 0.0	 0	   0	   0	   0;
2	 0.0	 0.0	 0	   0	   0	   0;
2	 0.0	 0.0	 0	   0	   0	   0;
2	 0.0	 0.0	 0	   0	   0	   0;
2	 0.0	 0.0	 0	   0	   0	   0;
];

%branch data
%fbus	tbus	r	x	b	rateA	rateB	rateC	ratio	angle	status	angmin	angmax
mpc.branch = [
1	17	0.0093	0.0222	0.2217	2500.0	2500.0	2500.0	0.0	0.0	1.0	-30.0	30.0;
];

%candidate branch data
%column_names%	f_bus	t_bus	br_r	br_x	br_b	rate_a	rate_b	rate_c	tap	shift	br_status	angmin	angmax	construction_cost
mpc.ne_branch = [
2	1	0.0029537162287954963	0.0089089509866191	0.0007234752776103952	245	245	245	0.0	0.0	1.0	-30.0	30.0	76.47942179808437;
2	1	0.001477409078585076	0.004485467228846739	0.0014469505552207904	490	490	490	0.0	0.0	1.0	-30.0	30.0	139.06153336613642;
3	1	0.0034683160259489742	0.010450854948905613	0.0008495670028488732	245	245	245	0.0	0.0	1.0	-30.0	30.0	85.76742726118425;
3	1	0.001734708977161815	0.005256419209989996	0.0016991340056977465	490	490	490	0.0	0.0	1.0	-30.0	30.0	157.51203386415875;
2	13	0.0002586579236603298	0.000964156039913384	8.32148640563427e-5	265	265	265	0.0	0.0	1.0	-30.0	30.0	34.35332905129618;
2	13	0.00012987992601749273	0.0005130697554938821	0.0001664297281126854	531	531	531	0.0	0.0	1.0	-30.0	30.0	66.13090271760055;
2	15	9.993112947658405e-5	0.0004081644797344126	3.193114773108669e-5	265	265	265	0.0	0.0	1.0	-30.0	30.0	30.771403248053595;
2	15	5.051652892561985e-5	0.00023507397540439636	6.386229546217338e-5	531	531	531	0.0	0.0	1.0	-30.0	30.0	59.024354709369334;
2	16	0.000249480136797615	0.0009320078946488625	8.024957378899021e-5	265	265	265	0.0	0.0	1.0	-30.0	30.0	34.14621715866531;
2	16	0.00012529103258613535	0.0004969956828616213	0.00016049914757798042	531	531	531	0.0	0.0	1.0	-30.0	30.0	65.71999153346218;
3	10	0.0002502668682049676	0.0009347636740046112	8.050376219193957e-5	265	265	265	0.0	0.0	1.0	-30.0	30.0	34.16397104834122;
3	10	0.00012568439828981163	0.0004983735725394956	0.00016100752438387913	531	531	531	0.0	0.0	1.0	-30.0	30.0	65.75521534880282;
3	12	9.993112947658405e-5	0.0004081644797344126	3.193114773108669e-5	265	265	265	0.0	0.0	1.0	-30.0	30.0	30.771403248053595;
3	12	5.051652892561985e-5	0.00023507397540439636	6.386229546217338e-5	531	531	531	0.0	0.0	1.0	-30.0	30.0	59.024354709369334;
3	13	0.0003926658978306901	0.0014335619963466158	0.0001265120714876181	265	265	265	0.0	0.0	1.0	-30.0	30.0	37.37744479392406;
3	13	0.0001968839131026729	0.000747772733710498	0.0002530241429752362	531	531	531	0.0	0.0	1.0	-30.0	30.0	72.13077650306428;
3	14	0.00030912068218527764	0.0011409180540868772	9.951909174828165e-5	265	265	265	0.0	0.0	1.0	-30.0	30.0	35.49210516089468;
3	14	0.00015511130527996666	0.0006014507625806288	0.0001990381834965633	531	531	531	0.0	0.0	1.0	-30.0	30.0	68.390242749848;
3	15	0.0005097246657602179	0.0018435979159181022	0.0001643330876478288	265	265	265	0.0	0.0	1.0	-30.0	30.0	40.01908057369462;
3	15	0.00025541329706743675	0.0009527906934962412	0.0003286661752956576	531	531	531	0.0	0.0	1.0	-30.0	30.0	77.37182300108392;
3	16	0.0007254440667852277	0.0025992243805837037	0.00023403078818359397	265	265	265	0.0	0.0	1.0	-30.0	30.0	44.887184197580964;
3	16	0.00036327299757994165	0.0013306039258290418	0.00046806157636718795	531	531	531	0.0	0.0	1.0	-30.0	30.0	87.03025667887547;
4	9	9.993112947658405e-5	0.0004081644797344126	3.193114773108669e-5	265	265	265	0.0	0.0	1.0	-30.0	30.0	30.771403248053595;
4	9	5.051652892561985e-5	0.00023507397540439636	6.386229546217338e-5	531	531	531	0.0	0.0	1.0	-30.0	30.0	59.024354709369334;
4	10	0.0002481749311294766	0.0009274359927244611	7.982786932771671e-5	265	265	265	0.0	0.0	1.0	-30.0	30.0	34.11676304424216;
4	10	0.00012463842975206615	0.0004947097318994206	0.00015965573865543342	531	531	531	0.0	0.0	1.0	-30.0	30.0	65.6615544090266;
4	11	0.0002493053949730658	0.0009313958053027676	8.019311570825832e-5	265	265	265	0.0	0.0	1.0	-30.0	30.0	34.14227382169889;
4	11	0.00012520366167386075	0.0004966896381885738	0.00016038623141651664	531	531	531	0.0	0.0	1.0	-30.0	30.0	65.71216793119858;
4	12	0.00044110806323782254	0.0016032462343586339	0.0001421634571386421	265	265	265	0.0	0.0	1.0	-30.0	30.0	38.47062611851091;
4	12	0.0002211049958062391	0.0008326148527165071	0.0002843269142772842	531	531	531	0.0	0.0	1.0	-30.0	30.0	74.29966339596888;
4	13	0.000807968802241938	0.0028882937633296184	0.0002606940566301265	265	265	265	0.0	0.0	1.0	-30.0	30.0	46.74951230968605;
4	13	0.00040453536530829677	0.0014751386172019991	0.000521388113260253	531	531	531	0.0	0.0	1.0	-30.0	30.0	90.72517388298935;
4	14	0.0005845558791558562	0.002105718267430796	0.0001885106232667621	265	265	265	0.0	0.0	1.0	-30.0	30.0	41.70778137980262;
4	14	0.0002928289037652559	0.001083850869252588	0.0003770212465335242	531	531	531	0.0	0.0	1.0	-30.0	30.0	80.72223974908887;
4	15	0.0008321014500513362	0.002972826110724378	0.00026849117664882853	265	265	265	0.0	0.0	1.0	-30.0	30.0	47.29411220217249;
4	15	0.00041660168921299587	0.001517404790899379	0.0005369823532976571	531	531	531	0.0	0.0	1.0	-30.0	30.0	91.80567854240157;
4	16	0.0010778994349035038	0.0038338124727912725	0.00034790709500906334	265	265	265	0.0	0.0	1.0	-30.0	30.0	52.841036067436804;
4	16	0.0005395006816390798	0.0019478979719328262	0.0006958141900181267	531	531	531	0.0	0.0	1.0	-30.0	30.0	102.81100086406057;
5	8	9.993112947658405e-5	0.0004081644797344126	3.193114773108669e-5	265	265	265	0.0	0.0	1.0	-30.0	30.0	30.771403248053595;
5	8	5.051652892561985e-5	0.00023507397540439636	6.386229546217338e-5	531	531	531	0.0	0.0	1.0	-30.0	30.0	59.024354709369334;
5	9	0.0003249981354525819	0.0011965339320434245	0.00010464900578400107	265	265	265	0.0	0.0	1.0	-30.0	30.0	35.850406578516;
5	9	0.00016305003191361878	0.0006292587015589024	0.00020929801156800213	531	531	531	0.0	0.0	1.0	-30.0	30.0	69.10111594437281;
5	10	0.0006488943425305077	0.002331084393012467	0.00020929801156800194	265	265	265	0.0	0.0	1.0	-30.0	30.0	43.15969668859097;
5	10	0.0003249981354525816	0.0011965339320434234	0.0004185960231360039	531	531	531	0.0	0.0	1.0	-30.0	30.0	83.6028742834236;
5	11	0.0005663461913722911	0.002041932989253779	0.00018262717764268692	265	265	265	0.0	0.0	1.0	-30.0	30.0	41.29684679052695;
5	11	0.0002837240598734733	0.0010519582301640794	0.00036525435528537384	531	531	531	0.0	0.0	1.0	-30.0	30.0	79.90693658624315;
5	12	0.0008065366743917334	0.0028832772757107143	0.0002602313443401877	265	265	265	0.0	0.0	1.0	-30.0	30.0	46.717193582939004;
5	12	0.0004038193013831945	0.001472630373392547	0.0005204626886803754	531	531	531	0.0	0.0	1.0	-30.0	30.0	90.66105245342509;
